-------------------------
  CPU-Z version 1.38
-------------------------

Processors Map
------------------------------------------------------------------------------------

Number of processors	1
Number of threads	1

Processor 0
    -- Core 0
        -- Thread 0


Processors Information
------------------------------------------------------------------------------------

Processor 1 (ID = 0)
Number of cores		1
Number of threads	1 (max 1)
Name			Intel Celeron 335
Codename		Prescott
Specification		Intel(R) Celeron(R) CPU 2.80GHz
Package			Socket 775 LGA (platform ID = 4h)
CPUID			F.4.1
Extended CPUID		F.4
Core Stepping		E0
Technology		90 nm
Core Speed		2813.4 MHz (21.0 x 134.0 MHz)
Rated Bus speed		535.9 MHz
Stock frequency		2800 MHz
Instructions sets	MMX, SSE, SSE2, SSE3
L1 Data cache		16 KBytes, 8-way set associative, 64-byte line size
Trace cache		12 Kuops, 8-way set associative
L2 cache		256 KBytes, 4-way set associative, 64-byte line size
FID/VID Control		no


Thread dumps
------------------------------------------------------------------------------------

CPU Thread 0
APIC ID			0
Topology		Processor ID 0, Core ID 0, Thread ID 0
Type			01001006h
Max CPUID level		00000005h
Max CPUID ext. level	80000008h

Function		eax		ebx		ecx		edx
0x00000000		0x00000005	0x756E6547	0x6C65746E	0x49656E69
0x00000001		0x00000F41	0x00010800	0x0000451D	0xBFEBFBFF
0x00000002		0x605B5101	0x00000000	0x00000000	0x003C7040
0x00000003		0x00000000	0x00000000	0x00000000	0x00000000
0x00000004		0x00000121	0x01C0003F	0x0000001F	0x00000000
0x00000004		0x00000143	0x00C0103F	0x000001FF	0x00000000
0x00000005		0x00000040	0x00000040	0x00000000	0x00000000
0x80000000		0x80000008	0x00000000	0x00000000	0x00000000
0x80000001		0x00000000	0x00000000	0x00000000	0x00000000
0x80000002		0x20202020	0x20202020	0x20202020	0x20202020
0x80000003		0x65746E49	0x2952286C	0x6C654320	0x6E6F7265
0x80000004		0x20295228	0x20555043	0x30382E32	0x007A4847
0x80000005		0x00000000	0x00000000	0x00000000	0x00000000
0x80000006		0x00000000	0x00000000	0x01004040	0x00000000
0x80000007		0x00000000	0x00000000	0x00000000	0x00000000
0x80000008		0x00002024	0x00000000	0x00000000	0x00000000

MSR 0x0000001B		edx = 0x00000000	eax = 0xFEE00900
MSR 0x00000017		edx = 0x00120000	eax = 0x00000000
MSR 0x0000002C		edx = 0x00000000	eax = 0x15110715
MSR 0x000001A0		edx = 0x00000004	eax = 0x20862089


Chipset
------------------------------------------------------------------------------

Northbridge		Intel i915P/i915G rev. B1
Southbridge		Intel 82801FB (ICH6) rev. 03
Graphic Interface	PCI-Express
PCI-E Link Width	x16
PCI-E Max Link Width	x16
Memory Type		DDR
Memory Size		512 MBytes
Memory Frequency	134.0 MHz (1:1)
CAS#			3.0
RAS# to CAS#		4
RAS# Precharge		4
Cycle Time (tRAS)	8

MCHBAR dump
-----------

       0  1  2  3  4  5  6  7  8  9  A  B  C  D  E  F 
000   00 00 00 00 00 00 00 00 00 00 00 00 00 00 00 00 
010   00 00 00 00 00 00 00 00 00 00 00 00 00 00 00 00 
020   00 00 00 00 00 00 00 00 00 00 00 00 00 00 00 00 
030   00 00 00 00 00 00 00 00 00 00 00 00 00 00 00 00 
040   08 00 00 00 01 00 00 00 C0 02 80 80 00 00 40 00 
050   01 00 8F 00 00 00 00 00 00 00 00 00 00 00 00 00 
060   01 30 81 00 00 00 00 00 00 00 00 00 00 00 00 00 
070   00 00 00 00 00 00 00 00 00 00 00 00 00 00 00 00 
080   00 00 00 00 00 00 00 00 00 00 00 00 00 00 00 00 
090   55 00 00 00 00 00 00 00 00 00 00 00 00 00 00 00 
0A0   00 00 00 00 00 00 D8 00 00 00 00 00 00 00 00 00 
0B0   00 00 D8 00 00 00 00 00 00 00 00 00 00 00 00 00 
0C0   00 00 00 00 00 00 00 00 00 00 00 00 00 00 00 00 
0D0   00 00 00 00 00 00 00 00 00 00 00 00 00 00 00 00 
0E0   00 00 00 00 00 00 00 00 00 00 00 00 00 00 00 00 
0F0   00 00 00 00 00 00 00 00 00 00 00 00 00 00 00 00 
100   08 10 10 10 00 00 00 00 33 00 00 00 07 00 00 00 
110   E8 20 84 87 22 78 80 02 FF 03 00 00 FF 01 FF 03 
120   05 2A 00 40 00 05 00 80 F0 01 00 00 00 00 00 00 
130   C4 06 00 00 6D 06 1A 87 01 02 08 10 00 00 00 00 
140   00 00 00 00 00 00 00 00 00 00 00 00 00 00 00 00 
150   00 00 00 00 00 00 00 00 00 00 00 00 00 00 00 00 
160   00 00 00 00 20 00 00 00 55 AA 00 22 98 87 22 20 
170   00 00 00 00 00 00 00 00 00 00 00 00 00 00 00 00 
180   10 10 10 10 00 00 00 00 00 00 00 00 00 00 00 00 
190   E8 20 84 87 22 78 80 02 FF 03 00 00 FF 01 FF 03 
1A0   05 2A 00 40 00 04 00 00 F0 01 00 00 00 00 00 00 
1B0   C4 06 00 00 6D 06 1A 87 01 02 08 10 00 00 00 00 
1C0   00 00 00 00 00 00 00 00 00 00 00 00 00 00 00 00 
1D0   00 00 00 00 00 00 00 00 00 00 00 00 80 00 00 00 
1E0   00 00 00 00 20 00 00 00 55 AA 00 22 98 87 22 20 
1F0   00 00 00 00 00 00 00 00 00 00 00 00 00 00 00 00 
200   00 04 0F 00 00 00 00 00 08 00 01 02 00 04 00 00 
210   01 00 00 00 00 00 00 00 02 04 C0 A2 00 00 00 00 
220   64 03 40 03 00 30 04 00 00 00 00 00 00 00 00 00 
230   02 00 00 34 00 00 00 00 00 00 00 00 00 00 00 00 
240   00 00 00 00 00 00 00 00 00 00 00 00 00 00 00 00 
250   00 00 00 00 00 00 00 00 00 00 00 00 00 00 00 00 
260   00 00 00 00 00 00 00 00 00 00 00 00 00 00 00 00 
270   00 00 00 00 00 00 00 00 00 00 00 00 00 00 00 00 
280   65 65 00 00 00 00 08 00 00 00 00 00 00 00 00 00 
290   00 0C 00 00 00 00 00 00 FF FF 03 FF FF 03 00 00 
2A0   08 00 00 00 00 00 00 00 FC 00 FF 03 00 00 00 00 
2B0   00 00 00 00 00 00 00 00 00 00 00 00 00 00 00 00 
2C0   00 00 00 00 00 00 00 00 00 00 00 00 00 00 00 00 
2D0   00 00 00 00 00 00 00 00 00 00 00 00 00 00 00 00 
2E0   01 00 00 00 00 00 00 00 00 00 00 00 00 00 00 00 
2F0   00 00 00 00 0C 00 00 00 00 0C 05 00 00 00 00 00 
300   23 23 23 23 23 23 23 23 23 00 00 00 00 00 00 00 
310   23 23 23 23 23 23 23 23 23 00 00 00 00 00 00 00 
320   23 23 23 23 23 23 23 23 23 00 00 00 00 00 00 00 
330   23 23 23 23 23 23 23 23 23 00 00 00 00 00 00 00 
340   40 00 00 00 00 00 00 00 00 00 00 00 00 00 00 00 
350   00 00 00 00 00 00 00 00 00 00 00 68 00 00 00 00 
360   00 00 00 00 00 00 00 00 00 00 00 00 00 00 00 00 
370   00 00 00 00 00 00 00 00 00 00 00 00 01 03 00 00 
380   23 23 23 23 23 23 23 23 23 00 00 00 00 00 00 00 
390   23 23 23 23 23 23 23 23 23 00 00 00 00 00 00 00 
3A0   23 23 23 23 23 23 23 23 23 00 00 00 00 00 00 00 
3B0   23 23 23 23 23 23 23 23 23 00 00 00 00 00 00 00 
3C0   40 00 00 00 00 00 00 00 00 00 00 00 00 00 00 00 
3D0   00 00 00 00 00 00 00 00 00 00 00 00 00 00 00 00 
3E0   00 00 00 00 00 00 00 00 00 00 00 00 00 00 00 00 
3F0   00 00 00 00 00 00 00 00 00 00 00 00 01 03 00 00 
400   03 01 00 18 12 1B 14 1C 00 00 00 00 05 00 00 00 
410   33 00 00 88 00 00 00 00 33 00 00 88 00 00 00 00 
420   11 00 00 88 00 00 00 00 00 00 00 88 00 00 00 00 
430   33 00 00 88 00 00 00 00 33 00 00 88 00 00 00 00 
440   00 00 00 00 00 00 00 00 00 00 00 00 00 00 00 00 
450   00 00 00 00 00 00 00 00 00 00 00 00 00 00 00 00 
460   00 00 00 00 00 00 00 00 00 00 00 00 00 00 00 00 
470   00 00 00 00 00 00 00 00 00 00 00 00 00 00 00 00 
480   00 00 00 00 00 00 00 00 00 00 00 00 00 00 00 00 
490   33 00 00 88 00 00 00 00 00 00 00 88 00 00 00 00 
4A0   00 00 00 00 00 00 00 00 00 00 00 00 00 00 00 00 
4B0   00 00 00 00 00 00 00 00 00 00 00 00 00 00 00 00 
4C0   00 00 00 00 00 00 00 00 00 00 00 00 00 00 00 00 
4D0   00 00 00 00 00 00 00 00 00 00 00 00 00 00 00 00 
4E0   1C 14 1B 12 1C 14 1C 12 06 08 06 07 01 01 01 01 
4F0   00 00 00 00 00 00 00 00 00 00 00 00 00 00 00 00 
500   00 00 01 02 03 04 05 06 07 07 08 09 0B 0D 0F 11 
510   13 15 17 19 1B 1D 1F 21 23 25 27 29 2B 2D 2F 31 
520   00 00 01 01 02 02 03 04 04 04 05 05 05 06 06 07 
530   08 09 0A 0B 0C 0E 0F 10 11 12 14 16 18 1A 1C 1E 
540   00 00 00 01 02 04 06 08 0A 0C 0E 10 12 14 16 18 
550   1A 1C 1E 20 22 24 26 28 2A 2C 2E 30 32 34 36 38 
560   06 08 0A 0C 0E 10 12 14 16 18 1A 1C 1E 20 22 24 
570   26 28 2A 2C 2E 30 32 34 36 38 3A 3C 3E 3F 3F 3F 
580   00 02 04 06 08 0A 0C 0E 10 12 14 16 18 1A 1C 1E 
590   20 22 24 26 28 2A 2C 2E 30 32 34 36 38 3A 3C 3E 
5A0   0B 0D 0F 11 13 15 17 19 1B 1D 1F 21 23 25 27 29 
5B0   2B 2D 2F 31 33 35 37 39 3B 3D 3F 3F 3F 3F 3F 3F 
5C0   02 02 03 05 07 09 0B 0D 0F 11 13 15 17 19 1B 1D 
5D0   1F 21 23 25 27 29 2B 2D 2F 31 33 35 37 39 3B 3D 
5E0   06 08 0A 0C 0E 10 12 14 16 18 1A 1C 1E 20 22 24 
5F0   26 28 2A 2C 2E 30 32 34 36 38 3A 3C 3E 3F 3F 3F 
600   02 02 03 03 03 04 04 05 05 06 07 08 09 0A 0B 0C 
610   0D 0E 0F 10 11 12 13 14 15 16 17 18 19 1A 1B 1C 
620   02 03 03 03 03 03 03 04 04 04 04 05 05 06 06 07 
630   07 08 08 09 0A 0B 0C 0D 0E 0F 10 11 12 13 14 15 
640   02 02 03 03 03 04 04 05 05 06 07 08 09 0A 0B 0C 
650   0D 0E 0F 10 11 12 13 14 15 16 17 18 19 1A 1B 1C 
660   02 03 03 03 03 03 03 04 04 04 04 05 05 06 06 07 
670   07 08 08 09 0A 0B 0C 0D 0E 0F 10 11 12 13 14 15 
680   00 00 01 02 03 04 05 06 07 07 08 09 0B 0D 0F 11 
690   13 15 17 19 1B 1D 1F 21 23 25 27 29 2B 2D 2F 31 
6A0   00 00 01 01 02 02 03 04 04 04 05 05 05 06 06 07 
6B0   08 09 0A 0B 0C 0E 0F 10 11 12 14 16 18 1A 1C 1E 
6C0   10 11 12 13 14 15 16 17 18 19 1A 1B 1C 1D 1E 1F 
6D0   20 21 22 23 24 25 26 27 28 29 2A 2B 2C 2D 2E 2F 
6E0   10 11 12 13 14 15 16 17 18 19 1A 1B 1C 1D 1E 1F 
6F0   20 21 22 23 24 25 26 27 28 29 2A 2B 2C 2D 2E 2F 
700   00 00 00 00 00 00 00 00 00 00 00 00 00 00 00 00 
710   00 00 00 00 00 00 00 00 00 00 00 00 00 00 00 00 
720   00 00 00 00 00 00 00 00 00 00 00 00 00 00 00 00 
730   00 00 00 00 00 00 00 00 00 00 00 00 00 00 00 00 
740   00 00 00 00 00 00 00 00 00 00 00 00 00 00 00 00 
750   00 00 00 00 00 00 00 00 00 00 00 00 00 00 00 00 
760   00 00 00 00 00 00 00 00 00 00 00 00 00 00 00 00 
770   00 00 00 00 00 00 00 00 00 00 00 00 00 00 00 00 
780   00 00 00 00 00 00 00 00 00 00 00 00 00 00 00 00 
790   00 00 00 00 00 00 00 00 00 00 00 00 00 00 00 00 
7A0   00 00 00 00 00 00 00 00 00 00 00 00 00 00 00 00 
7B0   00 00 00 00 00 00 00 00 00 00 00 00 00 00 00 00 
7C0   00 00 00 00 00 00 00 00 00 00 00 00 00 00 00 00 
7D0   00 00 00 00 00 00 00 00 00 00 00 00 00 00 00 00 
7E0   00 00 00 00 00 00 00 00 00 00 00 00 00 00 00 00 
7F0   00 00 00 00 00 00 00 00 00 00 00 00 00 00 00 00 
800   00 00 00 00 00 00 00 00 00 00 00 00 00 00 00 00 
810   00 00 00 00 00 00 00 00 00 00 00 00 00 00 00 00 
820   00 00 00 00 00 00 00 00 00 00 00 00 00 00 00 00 
830   00 00 00 00 00 00 00 00 00 00 00 00 00 00 00 00 
840   00 00 00 00 00 00 00 00 00 00 00 00 00 00 00 00 
850   00 00 00 00 00 00 00 00 00 00 00 00 00 00 00 00 
860   00 00 00 00 00 00 00 00 00 00 00 00 00 00 00 00 
870   00 00 00 00 00 00 00 00 00 00 00 00 00 00 00 00 
880   00 00 00 00 00 00 00 00 00 00 00 00 00 00 00 00 
890   00 00 00 00 00 00 00 00 00 00 00 00 00 00 00 00 
8A0   00 00 00 00 00 00 00 00 00 00 00 00 00 00 00 00 
8B0   00 00 00 00 00 00 00 00 00 00 00 00 00 00 00 00 
8C0   00 00 00 00 00 00 00 00 00 00 00 00 00 00 00 00 
8D0   00 00 00 00 00 00 00 00 00 00 00 00 00 00 00 00 
8E0   00 00 00 00 00 00 00 00 00 00 00 00 00 00 00 00 
8F0   00 00 00 00 00 00 00 00 00 00 00 00 00 00 00 00 
900   00 00 00 00 00 00 00 00 00 00 00 00 00 00 00 00 
910   00 00 00 00 00 00 00 00 00 00 00 00 00 00 00 00 
920   00 00 00 00 00 00 00 00 00 00 00 00 00 00 00 00 
930   00 00 00 00 00 00 00 00 00 00 00 00 00 00 00 00 
940   00 00 00 00 00 00 00 00 00 00 00 00 00 00 00 00 
950   00 00 00 00 00 00 00 00 00 00 00 00 00 00 00 00 
960   00 00 00 00 00 00 00 00 00 00 00 00 00 00 00 00 
970   00 00 00 00 00 00 00 00 00 00 00 00 00 00 00 00 
980   00 00 00 00 00 00 00 00 00 00 00 00 00 00 00 00 
990   00 00 00 00 00 00 00 00 00 00 00 00 00 00 00 00 
9A0   00 00 00 00 00 00 00 00 00 00 00 00 00 00 00 00 
9B0   00 00 00 00 00 00 00 00 00 00 00 00 00 00 00 00 
9C0   00 00 00 00 00 00 00 00 00 00 00 00 00 00 00 00 
9D0   00 00 00 00 00 00 00 00 00 00 00 00 00 00 00 00 
9E0   00 00 00 00 00 00 00 00 00 00 00 00 00 00 00 00 
9F0   00 00 00 00 00 00 00 00 00 00 00 00 00 00 00 00 
A00   00 00 00 00 00 00 00 00 00 00 00 00 00 00 00 00 
A10   00 00 00 00 00 00 00 00 00 00 00 00 00 00 00 00 
A20   00 00 00 00 00 00 00 00 00 00 00 00 00 00 00 00 
A30   00 00 00 00 00 00 00 00 00 00 00 00 00 00 00 00 
A40   00 00 00 00 00 00 00 00 00 00 00 00 00 00 00 00 
A50   00 00 00 00 00 00 00 00 00 00 00 00 00 00 00 00 
A60   00 00 00 00 00 00 00 00 00 00 00 00 00 00 00 00 
A70   00 00 00 00 00 00 00 00 00 00 00 00 00 00 00 00 
A80   00 00 00 00 00 00 00 00 00 00 00 00 00 00 00 00 
A90   00 00 00 00 00 00 00 00 00 00 00 00 00 00 00 00 
AA0   00 00 00 00 00 00 00 00 00 00 00 00 00 00 00 00 
AB0   00 00 00 00 00 00 00 00 00 00 00 00 00 00 00 00 
AC0   00 00 00 00 00 00 00 00 00 00 00 00 00 00 00 00 
AD0   00 00 00 00 00 00 00 00 00 00 00 00 00 00 00 00 
AE0   00 00 00 00 00 00 00 00 00 00 00 00 00 00 00 00 
AF0   00 00 00 00 00 00 00 00 00 00 00 00 00 00 00 00 
B00   00 00 00 00 00 00 00 00 2E 00 00 00 3D 00 00 00 
B10   1E 00 00 00 3C 00 00 00 80 00 0C 02 00 00 00 00 
B20   00 00 00 00 00 00 00 00 00 00 00 00 00 00 00 00 
B30   00 00 00 00 00 00 00 00 00 00 00 00 00 00 00 00 
B40   0A 0A 0A 0A 0A 0C 0C 10 18 1A 1E 1E 20 20 24 28 
B50   28 28 2E 32 3E 3E 3E 3E 3E 3E 3E 3E 3E 3E 3E 3E 
B60   1A 1A 1A 1E 1E 26 26 26 26 2C 2E 34 34 3C 3C 3C 
B70   3C 3E 3F 3F 3F 3F 3F 3F 3F 3F 3F 3F 3F 3F 3F 3F 
B80   00 00 00 00 00 00 00 00 00 00 00 00 00 00 00 00 
B90   00 00 00 00 00 00 00 00 00 00 00 00 00 00 00 00 
BA0   00 00 00 00 00 00 00 00 00 00 00 00 00 00 00 00 
BB0   00 00 00 00 00 00 00 00 00 00 00 00 00 00 00 00 
BC0   00 00 00 00 00 00 00 00 00 00 00 00 00 00 00 40 
BD0   00 00 00 00 00 00 00 00 00 00 00 00 00 00 00 00 
BE0   00 00 00 00 00 00 00 00 00 00 00 00 00 00 00 00 
BF0   00 00 00 00 00 00 00 00 00 00 00 00 00 00 00 00 
C00   21 00 00 00 01 01 01 01 00 00 00 00 00 00 00 00 
C10   00 00 00 00 03 00 80 00 00 00 00 00 00 00 00 00 
C20   00 00 00 00 00 00 00 00 00 00 00 00 00 00 00 00 
C30   01 00 00 00 00 00 00 00 00 00 00 00 00 00 00 00 
C40   00 00 00 00 00 00 00 00 00 00 00 00 00 00 00 00 
C50   00 00 00 00 00 00 00 00 00 00 00 00 00 00 00 00 
C60   00 00 00 00 00 00 00 00 00 00 00 00 00 00 00 00 
C70   00 00 00 00 00 00 00 00 00 00 00 00 00 00 00 00 
C80   00 00 00 00 00 00 00 00 00 00 00 00 00 00 00 00 
C90   00 00 00 00 00 00 00 00 00 00 00 00 00 00 00 00 
CA0   00 00 00 00 00 00 00 00 00 00 00 00 00 00 00 00 
CB0   00 00 00 00 00 00 00 00 00 00 00 00 00 00 00 00 
CC0   00 00 00 00 00 00 00 00 00 00 00 00 00 00 00 00 
CD0   00 00 00 00 00 00 00 00 00 00 00 FF 00 00 00 00 
CE0   00 00 00 00 00 00 00 00 00 00 00 00 00 00 00 00 
CF0   00 00 00 00 00 00 00 00 00 00 00 00 00 00 00 00 
D00   00 00 00 00 00 00 00 00 00 00 00 00 00 00 00 00 
D10   00 00 00 00 00 00 00 00 00 00 00 00 00 00 00 00 
D20   00 00 00 00 00 00 00 00 00 00 00 00 00 00 00 00 
D30   00 00 00 00 00 00 00 00 00 00 00 00 00 00 00 00 
D40   00 00 00 00 00 00 00 00 00 00 00 00 00 00 00 00 
D50   00 00 00 00 00 00 00 00 00 00 00 00 00 00 00 00 
D60   00 00 00 00 00 00 00 00 00 00 00 00 00 00 00 00 
D70   00 00 00 00 00 00 00 00 00 00 00 00 00 00 00 00 
D80   00 00 00 00 00 00 00 00 00 00 00 00 00 00 00 00 
D90   00 00 00 00 00 00 00 00 00 00 00 00 00 00 00 00 
DA0   00 00 00 00 00 00 00 00 00 00 00 00 00 00 00 00 
DB0   00 00 00 00 00 00 00 00 00 00 00 00 00 00 00 00 
DC0   00 00 00 00 00 00 00 00 00 00 00 00 00 00 00 00 
DD0   00 00 00 00 00 00 00 00 00 00 00 00 00 00 00 00 
DE0   00 00 00 00 00 00 00 00 00 00 00 00 00 00 00 00 
DF0   00 00 00 00 00 00 00 00 00 00 00 00 00 00 00 00 
E00   00 00 00 00 00 00 00 00 B9 08 00 C6 00 08 00 00 
E10   88 F4 9B 42 81 F5 DF 60 F0 C0 67 01 00 00 00 00 
E20   00 00 00 00 00 00 00 00 90 00 00 00 00 00 00 00 
E30   00 00 00 00 00 00 00 00 00 00 00 00 00 00 00 00 
E40   00 00 00 00 00 00 00 00 00 00 00 00 00 00 00 00 
E50   00 00 40 75 C0 65 01 00 00 00 00 00 00 00 00 00 
E60   00 00 00 00 00 00 00 00 00 00 00 00 00 00 00 00 
E70   00 00 00 00 00 00 00 00 00 00 00 00 00 00 00 00 
E80   00 00 00 00 00 00 00 00 00 00 00 00 00 00 00 00 
E90   00 00 00 00 00 00 00 00 00 00 00 00 00 00 00 00 
EA0   00 00 00 00 00 00 00 00 00 00 00 00 00 00 00 00 
EB0   00 00 00 00 00 00 00 00 00 00 00 00 00 00 00 00 
EC0   00 00 00 00 00 00 00 00 00 00 00 00 00 00 00 00 
ED0   00 00 00 00 00 00 00 00 00 00 00 00 00 00 00 00 
EE0   00 00 00 00 00 00 00 00 00 00 00 00 00 00 00 00 
EF0   00 00 00 00 00 00 00 00 00 00 00 00 00 00 00 00 
F00   00 00 00 00 00 00 00 00 00 00 00 00 00 00 00 00 
F10   00 00 00 00 00 00 00 00 00 00 00 00 00 00 00 00 
F20   00 00 00 00 00 00 00 00 00 00 00 00 00 00 00 00 
F30   00 00 00 00 00 00 00 00 00 00 00 00 00 00 00 00 
F40   00 00 00 00 43 21 00 00 00 00 00 00 00 00 00 00 
F50   00 00 00 00 00 00 00 00 00 00 00 00 00 00 00 00 
F60   00 00 00 00 00 00 00 00 00 00 00 00 00 00 00 00 
F70   00 00 00 00 00 00 00 00 00 00 00 00 00 00 00 00 
F80   00 00 00 00 00 00 00 00 00 00 00 00 00 00 00 00 
F90   00 00 00 00 00 00 00 00 00 00 00 00 00 00 00 00 
FA0   00 00 00 00 00 00 00 00 00 00 00 00 00 00 00 00 
FB0   00 00 00 00 00 00 00 00 00 00 00 00 00 00 00 00 
FC0   00 00 00 00 00 00 00 00 00 00 00 00 00 00 00 00 
FD0   00 00 00 00 00 00 00 00 00 00 00 00 00 00 00 00 
FE0   00 00 00 00 00 00 00 00 00 00 00 00 00 00 00 00 
FF0   00 00 00 00 00 00 00 00 00 00 00 00 00 00 00 00 


Memory SPD
------------------------------------------------------------------------------

DIMM #1

General
Memory type		DDR
Manufacturer (ID)	 (0000000000000000)
Size			512 MBytes
Max bandwidth		PC3200 (200 MHz)
Part number		

Attributes
Number of banks		2
Data width		64 bits
Correction		None
Registered		no
Buffered		no
EPP			no

Timings table
Frequency (MHz)		166	200	
CAS#			2.5	3.0	
RAS# to CAS# delay	4	4	
RAS# Precharge		4	4	
TRAS			7	8	



Dump Module #1
      0  1  2  3  4  5  6  7  8  9  A  B  C  D  E  F 
00   80 08 07 0D 0A 02 40 00 04 50 65 00 82 08 00 01 
10   0C 04 18 01 02 20 00 60 70 00 00 50 28 50 28 40 
20   60 60 40 40 00 00 00 00 00 00 00 00 00 00 00 00 
30   00 00 00 00 00 00 00 00 00 00 00 00 00 00 00 B7 
40   00 00 00 00 00 00 00 00 00 00 00 00 00 00 00 00 
50   00 00 00 00 00 00 00 00 00 00 00 00 00 00 00 00 
60   00 00 00 00 00 00 00 00 00 00 00 00 00 00 00 00 
70   00 00 00 00 00 00 00 00 00 00 00 00 00 00 00 00 


Monitoring
------------------------------------------------------------------------------

Sensor Chip		ITE IT8712


PCI Device List
------------------------------------------------------------------------------

Host Bridge
bus 0 (0x00), device 0 (0x00), function 0 (0x00)
Common header
	Vendor ID		0x8086
	Model ID		0x2580
	Revision ID		0x04
	PI			0x00
	SubClass		0x00
	BaseClass		0x06
	Cache Line		0x00
	Latency			0x00
	Header			0x00
PCI header
	Subvendor ID		0x1458
	Subsystem ID		0x2580
	Int. Line		0x00
	Int. Pin		0x00
Capabilities
	Vendor Dependant Capability
		Dump
		00 01 02 03 04 05 06 07 08 
		09 00 09 21 42 B3 9B 88 02 
Dump
	      0  1  2  3  4  5  6  7  8  9  A  B  C  D  E  F 
	00   86 80 80 25 06 00 90 20 04 00 00 06 00 00 00 00 
	10   00 00 00 00 00 00 00 00 00 00 00 00 00 00 00 00 
	20   00 00 00 00 00 00 00 00 00 00 00 00 58 14 80 25 
	30   00 00 00 00 E0 00 00 00 00 00 00 00 00 00 00 00 
	40   00 90 D1 FE 00 40 D1 FE 00 00 00 D0 00 80 D1 FE 
	50   00 00 02 00 03 00 00 B8 00 00 00 00 00 00 00 00 
	60   01 30 D1 FE 00 00 00 00 00 00 00 00 00 00 00 00 
	70   00 00 00 00 00 00 00 00 00 00 00 00 00 00 00 00 
	80   00 00 00 00 00 00 00 00 00 00 00 00 00 00 00 00 
	90   10 11 11 00 00 00 00 00 00 00 00 00 20 0A 38 00 
	A0   00 00 00 00 00 00 00 00 00 00 00 00 00 00 00 00 
	B0   00 00 00 00 00 00 00 00 00 00 00 00 00 00 00 00 
	C0   00 00 00 00 00 00 00 00 00 00 00 00 00 00 00 00 
	D0   00 00 00 00 00 00 00 00 00 00 00 00 40 01 00 00 
	E0   09 00 09 21 42 B3 9B 88 02 00 00 00 00 00 00 00 
	F0   00 00 00 00 00 00 00 00 00 00 05 00 00 00 00 00 


PCI to PCI Bridge
bus 0 (0x00), device 1 (0x01), function 0 (0x00)
Common header
	Vendor ID		0x8086
	Model ID		0x2581
	Revision ID		0x04
	PI			0x00
	SubClass		0x04
	BaseClass		0x06
	Cache Line		0x08
	Latency			0x00
	Header			0x01
PCI header
	Primary bus		0x00
	Secondary bus		0x01
	Int. Line		0x10
	Int. Pin		0x01
Capabilities
	Subsystem Vendor Capability
		Subsystem ID	0x0000
		Sub. Vendor ID	0x8086
	Power Management Capability
		Version		1.1
		Dump
		00 01 02 03 04 05 06 07 
		01 90 02 C8 00 00 00 00 
	Message Signalled Interrupts Capability
		Dump
		00 01 02 03 04 05 06 07 08 09 0A 0B 0C 0D 0E 0F 10 11 12 13 
		05 A0 00 00 00 00 00 00 00 00 00 00 00 00 00 00 10 00 41 01 
	PCI Express Capability
		Device type	Root Port of PCI-E Root Complex
		Port		2
		Version		1.0
		Physical slot	#4
		Presence detect	yes
		Link width	16x (max 16x)
		Dump
		00 01 02 03 04 05 06 07 08 09 0A 0B 0C 0D 0E 0F 10 11 12 13 14 15 16 17 18 19 1A 1B 1C 1D 1E 1F 20 21 22 23 
		10 00 41 01 00 00 00 00 00 00 00 00 01 45 01 02 40 00 01 11 80 25 00 01 C0 01 48 00 00 00 00 00 00 00 00 00 
Extended capabilities
	Virtual Channel
		Dump
		00 01 02 03 04 05 06 07 08 09 0A 0B 0C 0D 0E 0F 10 11 12 13 14 15 16 17 18 19 1A 1B 
		02 00 01 14 01 00 00 00 01 00 00 00 00 00 00 00 00 00 00 00 01 00 00 80 00 00 00 00 
	Root Complex Link Declaration
		Link Entries #	1
		Port Number	2
		Dump
		00 01 02 03 04 05 06 07 08 09 0A 0B 0C 0D 0E 0F 10 11 12 13 14 15 16 17 18 19 1A 1B 1C 1D 1E 1F 
		05 00 01 00 00 01 01 02 00 00 00 00 00 00 00 00 01 00 01 00 00 00 00 00 00 90 D1 FE 00 00 00 00 
Dump
	      0  1  2  3  4  5  6  7  8  9  A  B  C  D  E  F 
	00   86 80 81 25 07 00 10 00 04 00 04 06 08 00 01 00 
	10   00 00 00 00 00 00 00 00 00 01 01 00 F0 00 00 20 
	20   00 E0 F0 EF F0 FF 00 00 00 00 00 00 00 00 00 00 
	30   00 00 00 00 88 00 00 00 00 00 00 00 10 01 0C 00 
	40   00 00 00 00 00 00 00 00 00 00 00 00 00 00 00 00 
	50   00 00 00 00 00 00 00 00 00 00 00 00 00 00 00 00 
	60   00 00 00 00 00 00 00 00 00 00 00 00 00 00 00 00 
	70   00 00 00 00 00 00 00 00 00 00 00 00 00 00 00 02 
	80   01 90 02 C8 00 00 00 00 0D 80 00 00 86 80 00 00 
	90   05 A0 00 00 00 00 00 00 00 00 00 00 00 00 00 00 
	A0   10 00 41 01 00 00 00 00 00 00 00 00 01 45 01 02 
	B0   40 00 01 11 80 25 00 01 C0 01 48 00 00 00 00 00 
	C0   00 00 00 00 00 00 00 00 00 00 00 00 00 00 00 00 
	D0   00 00 00 00 00 00 00 00 00 00 00 00 00 00 00 00 
	E0   00 00 00 00 00 00 00 00 00 00 00 00 00 00 00 00 
	F0   00 00 01 00 00 00 00 00 00 00 05 00 00 00 00 00 


Multimedia device
bus 0 (0x00), device 27 (0x1B), function 0 (0x00)
Common header
	Vendor ID		0x8086
	Model ID		0x2668
	Revision ID		0x03
	PI			0x00
	SubClass		0x03
	BaseClass		0x04
	Cache Line		0x08
	Latency			0x00
	Header			0x00
PCI header
	Address 0 (memory)	0xF0200000
	Subvendor ID		0x1458
	Subsystem ID		0xA005
	Int. Line		0x10
	Int. Pin		0x01
Capabilities
	Power Management Capability
		Version		1.1
		Dump
		00 01 02 03 04 05 06 07 
		01 60 42 C8 00 00 00 00 
	Message Signalled Interrupts Capability
		Dump
		00 01 02 03 04 05 06 07 08 09 0A 0B 0C 0D 0E 0F 10 11 12 13 
		05 70 80 00 00 00 00 00 00 00 00 00 00 00 00 00 10 00 91 00 
	PCI Express Capability
		Device type	Root Complex Integrated Endpoint Device
		Port		0
		Version		1.0
		Link width	0x (max 0x)
		Dump
		00 01 02 03 04 05 06 07 08 09 0A 0B 0C 0D 0E 0F 10 11 12 13 14 15 16 17 18 19 1A 1B 1C 1D 1E 1F 20 21 22 23 
		10 00 91 00 00 00 00 00 00 08 10 00 00 00 00 00 00 00 00 00 00 00 00 00 00 00 00 00 00 00 00 00 00 00 00 00 
Extended capabilities
	Virtual Channel
		Dump
		00 01 02 03 04 05 06 07 08 09 0A 0B 0C 0D 0E 0F 10 11 12 13 14 15 16 17 18 19 1A 1B 
		02 00 01 13 01 00 00 00 00 00 00 00 00 00 00 00 00 00 00 00 01 00 00 80 00 00 00 00 
	Root Complex Link Declaration
		Link Entries #	1
		Port Number	5
		Dump
		00 01 02 03 04 05 06 07 08 09 0A 0B 0C 0D 0E 0F 10 11 12 13 14 15 16 17 18 19 1A 1B 1C 1D 1E 1F 
		05 00 01 00 00 01 02 05 00 00 00 00 00 00 00 00 01 00 02 00 00 00 00 00 00 C0 D1 FE 00 00 00 00 
Dump
	      0  1  2  3  4  5  6  7  8  9  A  B  C  D  E  F 
	00   86 80 68 26 06 00 10 00 03 00 03 04 08 00 00 00 
	10   04 00 20 F0 00 00 00 00 00 00 00 00 00 00 00 00 
	20   00 00 00 00 00 00 00 00 00 00 00 00 58 14 05 A0 
	30   00 00 00 00 50 00 00 00 00 00 00 00 10 01 00 00 
	40   01 00 00 00 07 00 00 00 00 00 00 00 00 00 00 00 
	50   01 60 42 C8 00 00 00 00 00 00 00 00 00 00 00 00 
	60   05 70 80 00 00 00 00 00 00 00 00 00 00 00 00 00 
	70   10 00 91 00 00 00 00 00 00 08 10 00 00 00 00 00 
	80   00 00 00 00 00 00 00 00 00 00 00 00 00 00 00 00 
	90   00 00 00 00 00 00 00 00 00 00 00 00 00 00 00 00 
	A0   00 00 00 00 00 00 00 00 00 00 00 00 00 00 00 00 
	B0   00 00 00 00 00 00 00 00 00 00 00 00 00 00 00 00 
	C0   00 00 00 01 00 00 00 00 00 00 00 00 00 00 00 00 
	D0   00 00 00 00 00 00 00 00 00 00 00 00 00 00 00 00 
	E0   00 00 00 00 00 00 00 00 00 00 00 00 00 00 00 00 
	F0   00 00 00 00 00 00 00 00 80 0F 03 00 00 00 00 00 


PCI to PCI Bridge
bus 0 (0x00), device 28 (0x1C), function 0 (0x00)
Common header
	Vendor ID		0x8086
	Model ID		0x2660
	Revision ID		0x03
	PI			0x00
	SubClass		0x04
	BaseClass		0x06
	Cache Line		0x08
	Latency			0x00
	Header			0x81
PCI header
	Primary bus		0x00
	Secondary bus		0x02
	Int. Line		0x10
	Int. Pin		0x01
Capabilities
	PCI Express Capability
		Device type	Root Port of PCI-E Root Complex
		Port		1
		Version		1.0
		Physical slot	#2
		Presence detect	no
		Link width	0x (max 1x)
		Dump
		00 01 02 03 04 05 06 07 08 09 0A 0B 0C 0D 0E 0F 10 11 12 13 14 15 16 17 18 19 1A 1B 1C 1D 1E 1F 20 21 22 23 
		10 80 41 01 E0 0F 00 00 00 00 10 00 11 4C 01 01 00 00 01 10 60 05 80 00 00 00 00 00 00 00 00 00 00 00 00 00 
	Message Signalled Interrupts Capability
		Dump
		00 01 02 03 04 05 06 07 08 09 0A 0B 0C 0D 0E 0F 10 11 12 13 
		05 90 00 00 00 00 00 00 00 00 00 00 00 00 00 00 0D A0 00 00 
	Subsystem Vendor Capability
		Subsystem ID	0x0000
		Sub. Vendor ID	0x0000
	Power Management Capability
		Version		1.1
		Dump
		00 01 02 03 04 05 06 07 
		01 00 02 C8 00 00 00 00 
Extended capabilities
	Virtual Channel
		Dump
		00 01 02 03 04 05 06 07 08 09 0A 0B 0C 0D 0E 0F 10 11 12 13 14 15 16 17 18 19 1A 1B 
		02 00 01 18 01 00 00 00 01 00 00 00 00 00 00 00 01 00 00 00 01 00 00 80 00 00 00 00 
	Root Complex Link Declaration
		Link Entries #	1
		Port Number	1
		Dump
		00 01 02 03 04 05 06 07 08 09 0A 0B 0C 0D 0E 0F 10 11 12 13 14 15 16 17 18 19 1A 1B 1C 1D 1E 1F 
		05 00 01 00 00 01 02 01 00 00 00 00 00 00 00 00 01 00 02 00 00 00 00 00 01 C0 D1 FE 00 00 00 00 
Dump
	      0  1  2  3  4  5  6  7  8  9  A  B  C  D  E  F 
	00   86 80 60 26 07 00 10 00 03 00 04 06 08 00 81 00 
	10   00 00 00 00 00 00 00 00 00 02 02 00 90 90 00 20 
	20   F0 FF 00 00 F1 FF 01 00 00 00 00 00 00 00 00 00 
	30   00 00 00 00 40 00 00 00 00 00 00 00 10 01 04 00 
	40   10 80 41 01 E0 0F 00 00 00 00 10 00 11 4C 01 01 
	50   00 00 01 10 60 05 80 00 00 00 00 00 00 00 00 00 
	60   00 00 00 00 00 00 00 00 00 00 00 00 00 00 00 00 
	70   00 00 00 00 00 00 00 00 00 00 00 00 00 00 00 00 
	80   05 90 00 00 00 00 00 00 00 00 00 00 00 00 00 00 
	90   0D A0 00 00 00 00 00 00 00 00 00 00 00 00 00 00 
	A0   01 00 02 C8 00 00 00 00 00 00 00 00 00 00 00 00 
	B0   00 00 00 00 00 00 00 00 00 00 00 00 00 00 00 00 
	C0   00 00 00 00 00 00 00 00 00 00 00 00 00 00 00 00 
	D0   00 00 00 00 00 00 00 00 00 00 11 00 00 00 00 00 
	E0   00 00 00 00 00 00 00 00 00 00 00 00 00 00 00 00 
	F0   00 00 00 00 00 00 00 00 80 0F 03 00 00 00 00 00 


PCI to PCI Bridge
bus 0 (0x00), device 28 (0x1C), function 2 (0x02)
Common header
	Vendor ID		0x8086
	Model ID		0x2664
	Revision ID		0x03
	PI			0x00
	SubClass		0x04
	BaseClass		0x06
	Cache Line		0x08
	Latency			0x00
	Header			0x81
PCI header
	Primary bus		0x00
	Secondary bus		0x03
	Int. Line		0x12
	Int. Pin		0x03
Capabilities
	PCI Express Capability
		Device type	Root Port of PCI-E Root Complex
		Port		3
		Version		1.0
		Physical slot	#2
		Presence detect	yes
		Link width	1x (max 1x)
		Dump
		00 01 02 03 04 05 06 07 08 09 0A 0B 0C 0D 0E 0F 10 11 12 13 14 15 16 17 18 19 1A 1B 1C 1D 1E 1F 20 21 22 23 
		10 80 41 01 E0 0F 00 00 00 00 11 00 11 4C 01 03 00 00 11 10 60 05 90 00 00 00 48 00 00 00 00 00 00 00 00 00 
	Message Signalled Interrupts Capability
		Dump
		00 01 02 03 04 05 06 07 08 09 0A 0B 0C 0D 0E 0F 10 11 12 13 
		05 90 00 00 00 00 00 00 00 00 00 00 00 00 00 00 0D A0 00 00 
	Subsystem Vendor Capability
		Subsystem ID	0x0000
		Sub. Vendor ID	0x0000
	Power Management Capability
		Version		1.1
		Dump
		00 01 02 03 04 05 06 07 
		01 00 02 C8 00 00 00 00 
Extended capabilities
	Virtual Channel
		Dump
		00 01 02 03 04 05 06 07 08 09 0A 0B 0C 0D 0E 0F 10 11 12 13 14 15 16 17 18 19 1A 1B 
		02 00 01 18 01 00 00 00 01 00 00 00 00 00 00 00 01 00 00 00 01 00 00 80 00 00 00 00 
	Root Complex Link Declaration
		Link Entries #	1
		Port Number	3
		Dump
		00 01 02 03 04 05 06 07 08 09 0A 0B 0C 0D 0E 0F 10 11 12 13 14 15 16 17 18 19 1A 1B 1C 1D 1E 1F 
		05 00 01 00 00 01 02 03 00 00 00 00 00 00 00 00 01 00 02 00 00 00 00 00 01 C0 D1 FE 00 00 00 00 
Dump
	      0  1  2  3  4  5  6  7  8  9  A  B  C  D  E  F 
	00   86 80 64 26 07 00 10 00 03 00 04 06 08 00 81 00 
	10   00 00 00 00 00 00 00 00 00 03 03 00 F0 00 00 00 
	20   00 F0 00 F0 F1 FF 01 00 00 00 00 00 00 00 00 00 
	30   00 00 00 00 40 00 00 00 00 00 00 00 12 03 04 00 
	40   10 80 41 01 E0 0F 00 00 00 00 11 00 11 4C 01 03 
	50   00 00 11 10 60 05 90 00 00 00 48 00 00 00 00 00 
	60   00 00 00 00 00 00 00 00 00 00 00 00 00 00 00 00 
	70   00 00 00 00 00 00 00 00 00 00 00 00 00 00 00 00 
	80   05 90 00 00 00 00 00 00 00 00 00 00 00 00 00 00 
	90   0D A0 00 00 00 00 00 00 00 00 00 00 00 00 00 00 
	A0   01 00 02 C8 00 00 00 00 00 00 00 00 00 00 00 00 
	B0   00 00 00 00 00 00 00 00 00 00 00 00 00 00 00 00 
	C0   00 00 00 00 00 00 00 00 00 00 00 00 00 00 00 00 
	D0   00 00 00 00 00 00 00 00 00 00 11 00 00 00 00 00 
	E0   01 00 00 00 00 00 00 00 00 00 00 00 00 00 00 00 
	F0   00 00 00 00 00 00 00 00 80 0F 03 00 00 00 00 00 


USB Controller (UHCI)
bus 0 (0x00), device 29 (0x1D), function 0 (0x00)
Common header
	Vendor ID		0x8086
	Model ID		0x2658
	Revision ID		0x03
	PI			0x00
	SubClass		0x03
	BaseClass		0x0C
	Cache Line		0x00
	Latency			0x00
	Header			0x80
PCI header
	Address 4 (port)	0x0000CC00
	Subvendor ID		0x1458
	Subsystem ID		0x2658
	Int. Line		0x17
	Int. Pin		0x01
Dump
	      0  1  2  3  4  5  6  7  8  9  A  B  C  D  E  F 
	00   86 80 58 26 05 00 80 02 03 00 03 0C 00 00 80 00 
	10   00 00 00 00 00 00 00 00 00 00 00 00 00 00 00 00 
	20   01 CC 00 00 00 00 00 00 00 00 00 00 58 14 58 26 
	30   00 00 00 00 00 00 00 00 00 00 00 00 17 01 00 00 
	40   00 00 00 00 00 00 00 00 00 00 00 00 00 00 00 00 
	50   00 00 00 00 00 00 00 00 00 00 00 00 00 00 00 00 
	60   10 00 00 00 00 00 00 00 00 00 00 00 00 00 00 00 
	70   00 00 00 00 00 00 00 00 00 00 00 00 00 00 00 00 
	80   00 00 00 00 00 00 00 00 00 00 00 00 00 00 00 00 
	90   00 00 00 00 00 00 00 00 00 00 00 00 00 00 00 00 
	A0   00 00 00 00 00 00 00 00 00 00 00 00 00 00 00 00 
	B0   00 00 00 00 00 00 00 00 00 00 00 00 00 00 00 00 
	C0   00 2F 00 00 00 00 00 00 00 00 01 00 00 00 00 00 
	D0   00 00 00 00 00 00 00 00 00 00 00 00 00 00 00 00 
	E0   00 00 00 00 00 00 00 00 00 00 00 00 00 00 00 00 
	F0   00 00 00 00 00 00 00 00 80 0F 03 00 00 00 00 00 


USB Controller (UHCI)
bus 0 (0x00), device 29 (0x1D), function 1 (0x01)
Common header
	Vendor ID		0x8086
	Model ID		0x2659
	Revision ID		0x03
	PI			0x00
	SubClass		0x03
	BaseClass		0x0C
	Cache Line		0x00
	Latency			0x00
	Header			0x00
PCI header
	Address 4 (port)	0x0000C000
	Subvendor ID		0x1458
	Subsystem ID		0x2659
	Int. Line		0x13
	Int. Pin		0x02
Dump
	      0  1  2  3  4  5  6  7  8  9  A  B  C  D  E  F 
	00   86 80 59 26 05 00 80 02 03 00 03 0C 00 00 00 00 
	10   00 00 00 00 00 00 00 00 00 00 00 00 00 00 00 00 
	20   01 C0 00 00 00 00 00 00 00 00 00 00 58 14 59 26 
	30   00 00 00 00 00 00 00 00 00 00 00 00 13 02 00 00 
	40   00 00 00 00 00 00 00 00 00 00 00 00 00 00 00 00 
	50   00 00 00 00 00 00 00 00 00 00 00 00 00 00 00 00 
	60   10 00 00 00 00 00 00 00 00 00 00 00 00 00 00 00 
	70   00 00 00 00 00 00 00 00 00 00 00 00 00 00 00 00 
	80   00 00 00 00 00 00 00 00 00 00 00 00 00 00 00 00 
	90   00 00 00 00 00 00 00 00 00 00 00 00 00 00 00 00 
	A0   00 00 00 00 00 00 00 00 00 00 00 00 00 00 00 00 
	B0   00 00 00 00 00 00 00 00 00 00 00 00 00 00 00 00 
	C0   00 2F 00 00 00 00 00 00 00 00 01 00 00 00 00 00 
	D0   00 00 00 00 00 00 00 00 00 00 00 00 00 00 00 00 
	E0   00 00 00 00 00 00 00 00 00 00 00 00 00 00 00 00 
	F0   00 00 00 00 00 00 00 00 80 0F 03 00 00 00 00 00 


USB Controller (UHCI)
bus 0 (0x00), device 29 (0x1D), function 2 (0x02)
Common header
	Vendor ID		0x8086
	Model ID		0x265A
	Revision ID		0x03
	PI			0x00
	SubClass		0x03
	BaseClass		0x0C
	Cache Line		0x00
	Latency			0x00
	Header			0x00
PCI header
	Address 4 (port)	0x0000C400
	Subvendor ID		0x1458
	Subsystem ID		0x265A
	Int. Line		0x12
	Int. Pin		0x03
Dump
	      0  1  2  3  4  5  6  7  8  9  A  B  C  D  E  F 
	00   86 80 5A 26 05 00 80 02 03 00 03 0C 00 00 00 00 
	10   00 00 00 00 00 00 00 00 00 00 00 00 00 00 00 00 
	20   01 C4 00 00 00 00 00 00 00 00 00 00 58 14 5A 26 
	30   00 00 00 00 00 00 00 00 00 00 00 00 12 03 00 00 
	40   00 00 00 00 00 00 00 00 00 00 00 00 00 00 00 00 
	50   00 00 00 00 00 00 00 00 00 00 00 00 00 00 00 00 
	60   10 00 00 00 00 00 00 00 00 00 00 00 00 00 00 00 
	70   00 00 00 00 00 00 00 00 00 00 00 00 00 00 00 00 
	80   00 00 00 00 00 00 00 00 00 00 00 00 00 00 00 00 
	90   00 00 00 00 00 00 00 00 00 00 00 00 00 00 00 00 
	A0   00 00 00 00 00 00 00 00 00 00 00 00 00 00 00 00 
	B0   00 00 00 00 00 00 00 00 00 00 00 00 00 00 00 00 
	C0   00 2F 00 00 00 00 00 00 00 00 01 00 00 00 00 00 
	D0   00 00 00 00 00 00 00 00 00 00 00 00 00 00 00 00 
	E0   00 00 00 00 00 00 00 00 00 00 00 00 00 00 00 00 
	F0   00 00 00 00 00 00 00 00 80 0F 03 00 00 00 00 00 


USB Controller (UHCI)
bus 0 (0x00), device 29 (0x1D), function 3 (0x03)
Common header
	Vendor ID		0x8086
	Model ID		0x265B
	Revision ID		0x03
	PI			0x00
	SubClass		0x03
	BaseClass		0x0C
	Cache Line		0x00
	Latency			0x00
	Header			0x00
PCI header
	Address 4 (port)	0x0000C800
	Subvendor ID		0x1458
	Subsystem ID		0x265A
	Int. Line		0x10
	Int. Pin		0x04
Dump
	      0  1  2  3  4  5  6  7  8  9  A  B  C  D  E  F 
	00   86 80 5B 26 05 00 80 02 03 00 03 0C 00 00 00 00 
	10   00 00 00 00 00 00 00 00 00 00 00 00 00 00 00 00 
	20   01 C8 00 00 00 00 00 00 00 00 00 00 58 14 5A 26 
	30   00 00 00 00 00 00 00 00 00 00 00 00 10 04 00 00 
	40   00 00 00 00 00 00 00 00 00 00 00 00 00 00 00 00 
	50   00 00 00 00 00 00 00 00 00 00 00 00 00 00 00 00 
	60   10 00 00 00 00 00 00 00 00 00 00 00 00 00 00 00 
	70   00 00 00 00 00 00 00 00 00 00 00 00 00 00 00 00 
	80   00 00 00 00 00 00 00 00 00 00 00 00 00 00 00 00 
	90   00 00 00 00 00 00 00 00 00 00 00 00 00 00 00 00 
	A0   00 00 00 00 00 00 00 00 00 00 00 00 00 00 00 00 
	B0   00 00 00 00 00 00 00 00 00 00 00 00 00 00 00 00 
	C0   00 2F 00 00 00 00 00 00 00 00 01 00 00 00 00 00 
	D0   00 00 00 00 00 00 00 00 00 00 00 00 00 00 00 00 
	E0   00 00 00 00 00 00 00 00 00 00 00 00 00 00 00 00 
	F0   00 00 00 00 00 00 00 00 80 0F 03 00 00 00 00 00 


USB 2.0 Controller (EHCI)
bus 0 (0x00), device 29 (0x1D), function 7 (0x07)
Common header
	Vendor ID		0x8086
	Model ID		0x265C
	Revision ID		0x03
	PI			0x20
	SubClass		0x03
	BaseClass		0x0C
	Cache Line		0x00
	Latency			0x00
	Header			0x00
PCI header
	Address 0 (memory)	0xF0204000
	Subvendor ID		0x1458
	Subsystem ID		0x5006
	Int. Line		0x17
	Int. Pin		0x01
Capabilities
	Power Management Capability
		Version		1.1
		Dump
		00 01 02 03 04 05 06 07 
		01 00 02 00 00 00 00 00 
Dump
	      0  1  2  3  4  5  6  7  8  9  A  B  C  D  E  F 
	00   86 80 5C 26 06 00 90 02 03 20 03 0C 00 00 00 00 
	10   00 40 20 F0 00 00 00 00 00 00 00 00 00 00 00 00 
	20   00 00 00 00 00 00 00 00 00 00 00 00 58 14 06 50 
	30   00 00 00 00 50 00 00 00 00 00 00 00 17 01 00 00 
	40   00 00 00 00 00 00 00 00 00 00 00 00 00 00 00 00 
	50   01 00 02 00 00 00 00 00 0A 00 A0 20 00 00 00 00 
	60   20 20 FF 01 00 00 00 00 01 00 00 00 00 00 00 C0 
	70   00 00 D5 3F 00 00 00 00 00 00 00 00 00 00 00 00 
	80   00 00 00 00 01 00 00 00 00 00 00 00 00 00 00 00 
	90   00 00 00 00 00 00 00 00 00 00 00 00 00 00 00 00 
	A0   00 00 00 00 00 00 00 00 00 00 00 00 00 00 00 00 
	B0   00 00 00 00 00 00 00 00 00 00 00 00 00 00 00 00 
	C0   00 00 00 00 00 00 00 00 00 00 00 00 00 00 00 00 
	D0   00 00 00 00 00 AA FF 00 55 55 FF 00 20 00 00 00 
	E0   00 00 00 00 00 00 00 00 00 00 00 00 00 00 00 00 
	F0   00 80 00 09 88 8C 40 00 80 0F 03 00 86 17 00 00 


PCI to PCI Bridge
bus 0 (0x00), device 30 (0x1E), function 0 (0x00)
Common header
	Vendor ID		0x8086
	Model ID		0x244E
	Revision ID		0xD3
	PI			0x01
	SubClass		0x04
	BaseClass		0x06
	Cache Line		0x00
	Latency			0x00
	Header			0x01
PCI header
	Primary bus		0x00
	Secondary bus		0x04
	Int. Line		0xFF
	Int. Pin		0x00
Capabilities
	Subsystem Vendor Capability
		Subsystem ID	0x0000
		Sub. Vendor ID	0x0000
Dump
	      0  1  2  3  4  5  6  7  8  9  A  B  C  D  E  F 
	00   86 80 4E 24 07 00 10 00 D3 01 04 06 00 00 01 00 
	10   00 00 00 00 00 00 00 00 00 04 04 20 A0 B0 80 22 
	20   10 F0 10 F0 F1 FF 01 00 00 00 00 00 00 00 00 00 
	30   00 00 00 00 50 00 00 00 00 00 00 00 FF 00 04 00 
	40   00 00 00 00 00 00 00 00 00 00 00 00 00 00 00 00 
	50   0D 00 00 00 00 00 00 00 00 00 00 00 00 00 00 00 
	60   00 00 00 00 00 00 00 00 00 00 00 00 00 00 00 00 
	70   00 00 00 00 00 00 00 00 00 00 00 00 00 00 00 00 
	80   00 00 00 00 00 00 00 00 00 00 00 00 00 00 00 00 
	90   00 00 00 00 00 00 00 00 00 00 00 00 00 00 00 00 
	A0   00 00 00 00 00 00 00 00 00 00 00 00 00 00 00 00 
	B0   00 00 00 00 00 00 00 00 00 00 00 00 00 00 00 00 
	C0   00 00 00 00 00 00 00 00 00 00 00 00 00 00 00 00 
	D0   00 00 00 00 00 00 00 00 00 00 00 00 00 00 00 00 
	E0   00 00 00 00 00 00 00 00 00 00 00 00 00 00 00 00 
	F0   00 00 00 00 00 00 00 00 80 0F 03 00 00 00 00 00 


PCI to ISA Bridge
bus 0 (0x00), device 31 (0x1F), function 0 (0x00)
Common header
	Vendor ID		0x8086
	Model ID		0x2640
	Revision ID		0x03
	PI			0x00
	SubClass		0x01
	BaseClass		0x06
	Cache Line		0x00
	Latency			0x00
	Header			0x80
PCI header
	Subvendor ID		0x0000
	Subsystem ID		0x0000
	Int. Line		0x00
	Int. Pin		0x00
Dump
	      0  1  2  3  4  5  6  7  8  9  A  B  C  D  E  F 
	00   86 80 40 26 07 01 00 02 03 00 01 06 00 00 80 00 
	10   00 00 00 00 00 00 00 00 00 00 00 00 00 00 00 00 
	20   00 00 00 00 00 00 00 00 00 00 00 00 00 00 00 00 
	30   00 00 00 00 00 00 00 00 00 00 00 00 00 00 00 00 
	40   01 04 00 00 80 00 00 00 81 04 00 00 10 00 00 00 
	50   00 00 00 00 00 00 00 00 00 00 00 00 00 00 00 00 
	60   89 80 8A 8B D0 00 00 00 85 80 8B 8A 00 00 00 00 
	70   00 00 00 00 00 00 00 00 00 00 00 00 00 00 00 00 
	80   10 00 0E 34 01 08 00 00 91 02 00 00 00 00 00 00 
	90   00 00 00 00 00 00 00 00 00 00 00 00 00 00 00 00 
	A0   20 02 00 00 00 00 00 00 00 00 00 00 00 03 00 00 
	B0   00 00 00 00 00 00 00 00 55 55 55 59 00 00 00 00 
	C0   00 00 00 00 00 00 00 00 00 00 00 00 00 00 00 00 
	D0   33 22 11 00 67 45 00 00 C0 C0 00 00 00 00 00 00 
	E0   00 00 00 00 00 00 00 00 00 00 00 00 00 00 00 00 
	F0   01 C0 D1 FE 00 00 00 00 80 0F 03 00 00 00 00 00 


IDE Controller
bus 0 (0x00), device 31 (0x1F), function 1 (0x01)
Common header
	Vendor ID		0x8086
	Model ID		0x266F
	Revision ID		0x03
	PI			0x8A
	SubClass		0x01
	BaseClass		0x01
	Cache Line		0x00
	Latency			0x00
	Header			0x00
PCI header
	Address 4 (port)	0x0000F000
	Subvendor ID		0x1458
	Subsystem ID		0x266F
	Int. Line		0x00
	Int. Pin		0x01
Dump
	      0  1  2  3  4  5  6  7  8  9  A  B  C  D  E  F 
	00   86 80 6F 26 05 00 80 02 03 8A 01 01 00 00 00 00 
	10   01 00 00 00 01 00 00 00 01 00 00 00 01 00 00 00 
	20   01 F0 00 00 00 00 00 00 00 00 00 00 58 14 6F 26 
	30   00 00 00 00 00 00 00 00 00 00 00 00 00 01 00 00 
	40   77 E3 00 80 0B 00 00 00 03 00 11 00 00 00 00 00 
	50   00 00 00 00 30 30 00 00 00 00 00 00 00 00 00 00 
	60   00 00 00 00 00 00 00 00 00 00 00 00 00 00 00 00 
	70   00 00 00 00 00 00 00 00 00 00 00 00 00 00 00 00 
	80   00 00 00 00 00 00 00 00 00 00 00 00 00 00 00 00 
	90   00 00 00 00 00 00 00 00 00 00 00 00 00 00 00 00 
	A0   00 00 00 00 00 00 00 00 00 00 00 00 00 00 00 00 
	B0   00 00 00 00 00 00 00 00 00 00 00 00 00 00 00 00 
	C0   00 00 00 00 03 00 00 00 00 00 00 00 00 00 00 00 
	D0   00 00 00 00 00 00 00 00 00 00 00 00 00 00 00 00 
	E0   00 00 00 00 00 00 00 00 00 00 00 00 00 00 00 00 
	F0   00 00 00 00 00 00 00 00 80 0F 03 00 00 00 00 00 


SMBus Controller
bus 0 (0x00), device 31 (0x1F), function 3 (0x03)
Common header
	Vendor ID		0x8086
	Model ID		0x266A
	Revision ID		0x03
	PI			0x00
	SubClass		0x05
	BaseClass		0x0C
	Cache Line		0x00
	Latency			0x00
	Header			0x00
PCI header
	Address 4 (port)	0x00000500
	Subvendor ID		0x1458
	Subsystem ID		0x266A
	Int. Line		0x0B
	Int. Pin		0x02
Dump
	      0  1  2  3  4  5  6  7  8  9  A  B  C  D  E  F 
	00   86 80 6A 26 01 00 80 02 03 00 05 0C 00 00 00 00 
	10   00 00 00 00 00 00 00 00 00 00 00 00 00 00 00 00 
	20   01 05 00 00 00 00 00 00 00 00 00 00 58 14 6A 26 
	30   00 00 00 00 00 00 00 00 00 00 00 00 0B 02 00 00 
	40   01 00 00 00 00 00 00 00 00 00 00 00 00 00 00 00 
	50   00 00 00 00 00 00 00 00 00 00 00 00 00 00 00 00 
	60   00 00 00 00 00 00 00 00 00 00 00 00 00 00 00 00 
	70   00 00 00 00 00 00 00 00 00 00 00 00 00 00 00 00 
	80   00 00 00 00 00 00 00 00 00 00 00 00 00 00 00 00 
	90   00 00 00 00 00 00 00 00 00 00 00 00 00 00 00 00 
	A0   00 00 00 00 00 00 00 00 00 00 00 00 00 00 00 00 
	B0   00 00 00 00 00 00 00 00 00 00 00 00 00 00 00 00 
	C0   00 00 00 00 00 00 00 00 00 00 00 00 00 00 00 00 
	D0   00 00 00 00 00 00 00 00 00 00 00 00 00 00 00 00 
	E0   00 00 00 00 00 00 00 00 00 00 00 00 00 00 00 00 
	F0   00 00 00 00 00 00 00 00 80 0F 03 00 00 00 00 00 


VGA Controller
bus 1 (0x01), device 0 (0x00), function 0 (0x00)
Common header
	Vendor ID		0x10DE
	Model ID		0x0141
	Revision ID		0xA2
	PI			0x00
	SubClass		0x00
	BaseClass		0x03
	Cache Line		0x00
	Latency			0x00
	Header			0x00
PCI header
	Address 0 (memory)	0xE8000000
	Address 1 (memory)	0xE0000000
	Address 3 (memory)	0xEC000000
	Subvendor ID		0x1458
	Subsystem ID		0x3124
	Int. Line		0x10
	Int. Pin		0x01
Capabilities
	Power Management Capability
		Version		1.1
		Dump
		00 01 02 03 04 05 06 07 
		01 68 02 00 00 00 00 00 
	Message Signalled Interrupts Capability
		Dump
		00 01 02 03 04 05 06 07 08 09 0A 0B 0C 0D 0E 0F 10 11 12 13 
		05 78 80 00 00 00 00 00 00 00 00 00 00 00 00 00 10 00 01 00 
	PCI Express Capability
		Device type	PCI-E Endpoint Device
		Port		0
		Version		1.0
		Link width	16x (max 16x)
		Dump
		00 01 02 03 04 05 06 07 08 09 0A 0B 0C 0D 0E 0F 10 11 12 13 14 15 16 17 18 19 1A 1B 1C 1D 1E 1F 20 21 22 23 
		10 00 01 00 C0 04 2C 01 10 28 0A 00 01 2D 01 00 48 00 01 01 00 00 00 00 00 00 00 00 00 00 00 00 0C 08 40 C1 
Extended capabilities
	Virtual Channel
		Dump
		00 01 02 03 04 05 06 07 08 09 0A 0B 0C 0D 0E 0F 10 11 12 13 14 15 16 17 18 19 1A 1B 
		02 00 81 12 00 00 00 00 00 00 00 00 00 00 00 00 00 00 00 00 01 00 00 80 00 00 00 00 
	Power Budgeting Capability
		Dump
		00 01 02 03 04 05 06 07 08 09 0A 0B 0C 0D 0E 0F 
		04 00 01 00 00 00 00 00 21 81 07 00 00 00 00 00 
Dump
	      0  1  2  3  4  5  6  7  8  9  A  B  C  D  E  F 
	00   DE 10 41 01 07 00 10 00 A2 00 00 03 00 00 00 00 
	10   00 00 00 E8 0C 00 00 E0 00 00 00 00 04 00 00 EC 
	20   00 00 00 00 00 00 00 00 00 00 00 00 58 14 24 31 
	30   00 00 00 00 60 00 00 00 00 00 00 00 10 01 00 00 
	40   58 14 24 31 00 00 00 00 00 00 00 00 00 00 00 00 
	50   01 00 00 00 01 00 00 00 CE D6 23 00 00 00 00 00 
	60   01 68 02 00 00 00 00 00 05 78 80 00 00 00 00 00 
	70   00 00 00 00 00 00 00 00 10 00 01 00 C0 04 2C 01 
	80   10 28 0A 00 01 2D 01 00 48 00 01 01 00 00 00 00 
	90   00 00 00 00 00 00 00 00 0C 08 40 C1 01 04 40 C1 
	A0   00 00 00 00 00 00 00 00 00 00 00 00 00 00 00 00 
	B0   00 00 00 00 00 00 00 00 00 00 00 00 00 00 00 00 
	C0   00 00 00 00 00 00 00 00 00 00 00 00 00 00 00 00 
	D0   00 00 00 00 00 00 00 00 00 00 00 00 00 00 00 00 
	E0   00 00 00 00 00 00 00 00 00 00 00 00 00 00 00 00 
	F0   00 00 00 00 00 00 00 00 00 00 00 00 00 00 00 00 


Ethernet Controller
bus 3 (0x03), device 0 (0x00), function 0 (0x00)
Common header
	Vendor ID		0x14E4
	Model ID		0x169D
	Revision ID		0x11
	PI			0x00
	SubClass		0x00
	BaseClass		0x02
	Cache Line		0x08
	Latency			0x00
	Header			0x00
PCI header
	Address 0 (memory)	0xF0000000
	Subvendor ID		0x1458
	Subsystem ID		0xE000
	Int. Line		0x12
	Int. Pin		0x01
Capabilities
	Power Management Capability
		Version		1.1
		Dump
		00 01 02 03 04 05 06 07 
		01 50 02 C0 00 20 00 64 
	Virtual Product Data Capability
		Dump
		00 01 02 03 04 05 06 07 
		03 58 80 00 80 01 09 60 
	Message Signalled Interrupts Capability
		Dump
		00 01 02 03 04 05 06 07 08 09 0A 0B 0C 0D 0E 0F 10 11 12 13 
		05 D0 86 00 54 5E 24 96 26 E1 9F 0B A4 2A 00 00 98 02 01 41 
	PCI Express Capability
		Device type	PCI-E Endpoint Device
		Port		0
		Version		1.0
		Link width	1x (max 1x)
		Dump
		00 01 02 03 04 05 06 07 08 09 0A 0B 0C 0D 0E 0F 10 11 12 13 14 15 16 17 18 19 1A 1B 1C 1D 1E 1F 20 21 22 23 
		10 00 01 00 A0 0F 28 00 00 50 10 00 11 54 03 00 00 00 11 10 00 00 00 00 00 00 00 00 00 00 00 00 00 00 00 00 
Extended capabilities
	Advanced Error Reporting Capability
		Dump
		00 01 02 03 04 05 06 07 08 09 0A 0B 0C 0D 0E 0F 10 11 12 13 14 15 16 17 18 19 1A 1B 1C 1D 1E 1F 20 21 22 23 24 25 26 27 28 29 2A 2B 2C 2D 2E 2F 30 31 32 33 34 35 36 37 
		01 00 C1 13 00 00 10 00 00 00 00 00 11 20 06 00 00 00 00 00 00 00 00 00 B4 00 00 00 01 00 00 04 03 07 00 00 00 00 01 03 00 00 00 00 00 00 00 00 00 00 00 00 00 00 00 00 
	Virtual Channel
		Dump
		00 01 02 03 04 05 06 07 08 09 0A 0B 0C 0D 0E 0F 10 11 12 13 14 15 16 17 18 19 1A 1B 
		02 00 01 00 00 00 00 00 00 00 00 00 00 00 00 00 00 00 00 00 FF 00 00 80 00 00 00 00 
Dump
	      0  1  2  3  4  5  6  7  8  9  A  B  C  D  E  F 
	00   E4 14 9D 16 06 00 10 00 11 00 00 02 08 00 00 00 
	10   04 00 00 F0 00 00 00 00 00 00 00 00 00 00 00 00 
	20   00 00 00 00 00 00 00 00 07 00 00 00 58 14 00 E0 
	30   00 00 7E CC 48 00 00 00 00 00 00 00 12 01 00 00 
	40   00 00 00 00 00 00 00 00 01 50 02 C0 00 20 00 64 
	50   03 58 80 00 80 01 09 60 05 D0 86 00 54 5E 24 96 
	60   26 E1 9F 0B A4 2A 00 00 98 02 01 41 00 00 1B 76 
	70   72 10 00 00 C0 00 00 00 2C 00 00 00 08 02 00 00 
	80   58 14 00 E0 00 00 00 00 34 00 13 04 82 00 08 1C 
	90   01 02 00 00 00 00 00 00 00 00 00 00 34 01 00 00 
	A0   00 00 00 00 6C 00 00 00 00 00 00 00 23 00 00 00 
	B0   00 00 00 00 00 00 00 7B 00 00 00 00 00 00 00 00 
	C0   00 00 00 00 00 80 00 00 0E 00 00 00 00 00 00 00 
	D0   10 00 01 00 A0 0F 28 00 00 50 10 00 11 54 03 00 
	E0   00 00 11 10 00 00 00 00 00 00 00 00 00 00 00 00 
	F0   00 00 00 00 00 00 00 00 00 00 00 00 00 00 00 00 


Network Controller
bus 4 (0x04), device 0 (0x00), function 0 (0x00)
Common header
	Vendor ID		0x13D0
	Model ID		0x2103
	Revision ID		0x01
	PI			0x00
	SubClass		0x80
	BaseClass		0x02
	Cache Line		0x00
	Latency			0x20
	Header			0x00
PCI header
	Address 0 (memory)	0xF0100000
	Address 1 (port)	0x0000A000
	Subvendor ID		0x13D0
	Subsystem ID		0x2103
	Int. Line		0x14
	Int. Pin		0x01
Dump
	      0  1  2  3  4  5  6  7  8  9  A  B  C  D  E  F 
	00   D0 13 03 21 07 00 00 04 01 00 80 02 00 20 00 00 
	10   00 00 10 F0 01 A0 00 00 00 00 00 00 00 00 00 00 
	20   00 00 00 00 00 00 00 00 00 00 00 00 D0 13 03 21 
	30   00 00 00 00 00 00 00 00 00 00 00 00 14 01 00 00 
	40   00 00 00 00 00 00 00 00 00 00 00 00 00 00 00 00 
	50   00 00 00 00 00 00 00 00 00 00 00 00 00 00 00 00 
	60   00 00 00 00 00 00 00 00 00 00 00 00 00 00 00 00 
	70   00 00 00 00 00 00 00 00 00 00 00 00 00 00 00 00 
	80   00 00 00 00 00 00 00 00 00 00 00 00 00 00 00 00 
	90   00 00 00 00 00 00 00 00 00 00 00 00 00 00 00 00 
	A0   00 00 00 00 00 00 00 00 00 00 00 00 00 00 00 00 
	B0   00 00 00 00 00 00 00 00 00 00 00 00 00 00 00 00 
	C0   00 00 00 00 00 00 00 00 00 00 00 00 00 00 00 00 
	D0   00 00 00 00 00 00 00 00 00 00 00 00 00 00 00 00 
	E0   00 00 00 00 00 00 00 00 00 00 00 00 00 00 00 00 
	F0   00 00 00 00 00 00 00 00 00 00 00 00 00 00 00 00 


Communication Device
bus 4 (0x04), device 1 (0x01), function 0 (0x00)
Common header
	Vendor ID		0x14F1
	Model ID		0x2F30
	Revision ID		0x01
	PI			0x00
	SubClass		0x80
	BaseClass		0x07
	Cache Line		0x00
	Latency			0x20
	Header			0x00
PCI header
	Address 0 (memory)	0xF0110000
	Address 1 (port)	0x0000A400
	Subvendor ID		0x14F1
	Subsystem ID		0x205D
	Int. Line		0x13
	Int. Pin		0x01
Capabilities
	Power Management Capability
		Version		1.1
		Dump
		00 01 02 03 04 05 06 07 
		01 00 22 C0 00 00 00 00 
Dump
	      0  1  2  3  4  5  6  7  8  9  A  B  C  D  E  F 
	00   F1 14 30 2F 07 00 90 02 01 00 80 07 00 20 00 00 
	10   00 00 11 F0 01 A4 00 00 00 00 00 00 00 00 00 00 
	20   00 00 00 00 00 00 00 00 00 00 00 00 F1 14 5D 20 
	30   00 00 00 00 40 00 00 00 00 00 00 00 13 01 00 00 
	40   01 00 22 C0 00 00 00 00 59 12 01 00 01 00 00 00 
	50   00 00 00 00 00 00 00 00 00 00 00 00 00 00 00 00 
	60   00 00 00 00 00 00 00 00 00 00 00 00 00 00 00 00 
	70   00 00 00 00 00 00 00 00 00 00 00 00 00 00 00 00 
	80   00 00 00 00 00 00 00 00 00 00 00 00 00 00 00 00 
	90   00 00 00 00 00 00 00 00 00 00 00 00 00 00 00 00 
	A0   00 00 00 00 00 00 00 00 00 00 00 00 00 00 00 00 
	B0   00 00 00 00 00 00 00 00 00 00 00 00 00 00 00 00 
	C0   00 00 00 00 00 00 00 00 00 00 00 00 00 00 00 00 
	D0   00 00 00 00 00 00 00 00 00 00 00 00 00 00 00 00 
	E0   00 00 00 00 00 00 00 00 00 00 00 00 00 00 00 00 
	F0   00 00 00 00 00 00 00 00 00 00 00 00 00 00 00 00 


RAID Controller
bus 4 (0x04), device 6 (0x06), function 0 (0x00)
Common header
	Vendor ID		0x1106
	Model ID		0x3164
	Revision ID		0x06
	PI			0x00
	SubClass		0x04
	BaseClass		0x01
	Cache Line		0x00
	Latency			0x20
	Header			0x00
PCI header
	Address 0 (port)	0x0000A800
	Address 1 (port)	0x0000AC00
	Address 2 (port)	0x0000B000
	Address 3 (port)	0x0000B400
	Address 4 (port)	0x0000B800
	Subvendor ID		0x1106
	Subsystem ID		0x3164
	Int. Line		0x16
	Int. Pin		0x01
Capabilities
	Power Management Capability
		Version		1.1
		Dump
		00 01 02 03 04 05 06 07 
		01 00 02 00 00 00 00 00 
Dump
	      0  1  2  3  4  5  6  7  8  9  A  B  C  D  E  F 
	00   06 11 64 31 07 00 90 02 06 00 04 01 00 20 00 00 
	10   01 A8 00 00 01 AC 00 00 01 B0 00 00 01 B4 00 00 
	20   01 B8 00 00 00 00 00 00 00 00 00 00 06 11 64 31 
	30   00 00 00 00 C0 00 00 00 00 00 00 00 16 01 00 00 
	40   1B F2 C9 35 10 2D C0 00 A8 A8 A8 20 FF 00 B6 B6 
	50   1F 1F 0F E2 14 00 00 00 00 A0 20 00 00 00 00 00 
	60   00 02 00 00 00 00 00 00 00 02 00 00 00 00 00 00 
	70   02 01 00 00 00 00 00 00 02 01 00 00 00 00 00 00 
	80   00 38 F2 01 00 00 00 00 00 3C F2 01 00 00 00 00 
	90   00 00 00 00 00 00 00 00 00 00 00 00 00 00 00 00 
	A0   00 00 00 00 00 00 00 00 00 00 00 00 00 00 00 00 
	B0   00 00 00 00 00 00 00 00 00 00 00 00 00 00 00 00 
	C0   01 00 02 00 00 00 00 00 00 00 00 00 00 00 00 00 
	D0   06 00 64 31 06 11 64 31 00 00 00 00 00 00 00 00 
	E0   00 00 00 00 00 00 00 00 00 00 00 00 00 00 00 00 
	F0   00 00 00 00 00 00 00 00 00 00 00 00 00 00 00 00 


DMI
------------------------------------------------------------------------------

DMI BIOS
--------
	vendor		Award Software International, Inc.
	version		F6
	date		01/21/2005


DMI System Information
----------------------
	manufacturer	unknown
	product		unknown
	version		unknown
	serial		unknown
	UUID		FFFFFFFF-FFFFFFFF-FFFFFFFF-FFFFFFFF


DMI Baseboard
-------------
	vendor		Gigabyte Technology Co., Ltd.
	model		8I915P Duo
	revision	x.x
	serial		unknown


DMI System Enclosure
--------------------
	manufacturer	unknown
	chassis type	Desktop
	chassis serial	unknown


DMI Processor
-------------
	manufacturer	Intel
	model		Intel(R) Celeron(R) CPU
	clock speed	2800.0MHz
	FSB speed	133.0MHz
	multiplier	21.0x


DMI Memory Controller
---------------------
	correction	8-bit parity
	Max module size	1024MBytes


DMI Memory Module
-----------------
	designation	A0
	size		512MBytes (double bank)


DMI Memory Module
-----------------
	designation	A1


DMI Memory Module
-----------------
	designation	A2


DMI Memory Module
-----------------
	designation	A3


DMI Port Connector
------------------
	designation	PRIMARY IDE (internal)
	connector	On Board IDE


DMI Port Connector
------------------
	designation	SECONDARY IDE (internal)
	connector	On Board IDE


DMI Port Connector
------------------
	designation	FDD (internal)
	port type	8251 FIFO Compatible
	connector	On Board Floppy


DMI Port Connector
------------------
	designation	COM1 (internal)
	port type	Serial Port 16450
	connector	9 Pin Dual Inline (pin 10 cut)
	connector	DB-9 male


DMI Port Connector
------------------
	designation	COM2 (internal)
	port type	Serial Port 16450
	connector	9 Pin Dual Inline (pin 10 cut)
	connector	DB-9 male


DMI Port Connector
------------------
	designation	LPT1 (internal)
	port type	Parallel Port ECP/EPP
	connector	DB-25 female
	connector	DB-25 female


DMI Port Connector
------------------
	designation	Keyboard (internal)
	port type	Keyboard Port
	connector	PS/2


DMI Port Connector
------------------
	designation	PS/2 Mouse (internal)
	designation	Detected (external)
	port type	Mouse Port
	connector	PS/2
	connector	PS/2


DMI Port Connector
------------------
	designation	USB (internal)
	port type	USB
	connector	Access Bus (USB)


DMI Port Connector
------------------
	designation	USB (internal)
	port type	USB
	connector	Access Bus (USB)


DMI Extension Slot
------------------
	designation	PCI
	type		PCI
	width		32 bits
	populated	yes


DMI Extension Slot
------------------
	designation	PCI
	type		PCI
	width		32 bits
	populated	yes


DMI Extension Slot
------------------
	designation	PCI
	type		PCI
	width		32 bits
	populated	no


DMI Extension Slot
------------------
	designation	PCI
	type		PCI
	width		32 bits
	populated	yes


DMI Physical Memory Array
-------------------------
	location	Motherboard
	usage		System Memory
	correction	None
	max capacity	4096MBytes
	max# of devices	4


DMI Memory Device
-----------------
	designation	A0
	format		DIMM
	type		unknown
	total width	64bits
	data width	64bits
	size		512MBytes


DMI Memory Device
-----------------
	designation	A1
	format		DIMM
	type		unknown


DMI Memory Device
-----------------
	designation	A2
	format		DIMM
	type		unknown


DMI Memory Device
-----------------
	designation	A3
	format		DIMM
	type		unknown


Software
------------------------------------------------------------------------------

Windows Version		Microsoft Windows 2000 Professional  Service Pack 4 (Build 2195) 
DirectX Version		9.0c


Resources
------------------------------------------------------------------------------

Port I/O Space, BA=0xCF8, size=0x8
Port I/O Space, BA=0xCC00
Port I/O Space, BA=0xC000
Port I/O Space, BA=0xC400
Port I/O Space, BA=0xC800
Port I/O Space, BA=0xF000
Port I/O Space, BA=0x500
Port I/O Space, BA=0xA000
Port I/O Space, BA=0xA400
Port I/O Space, BA=0xA800
Port I/O Space, BA=0xAC00
Port I/O Space, BA=0xB000
Port I/O Space, BA=0xB400
Port I/O Space, BA=0xB800
Port I/O Space, BA=0x408, size=0x4
Memory I/O Space, BA=0xF0200000
Memory I/O Space, BA=0xF0204000
Memory I/O Space, BA=0xE8000000
Memory I/O Space, BA=0xE0000000
Memory I/O Space, BA=0xEC000000
Memory I/O Space, BA=0xF0000000
Memory I/O Space, BA=0xF0100000
Memory I/O Space, BA=0xF0110000
Memory I/O Space, BA=0xD0000000, size=0x1000
Memory I/O Space, BA=0xFEE00000, size=0x1000
SMBus I/O Space, BA=0x500
PCI Express I/O Space, BA=0xD0000000, size=0x1000
PCI I/O space, BA=0xCF8, size=0x8
